0.567419
0.964960
0.499437
0.717014
0.275106
0.621255
0.158224
0.561394
0.906703
0.664167
0.206606
0.778840
0.606035
0.749753
0.639553
0.241429
0.889581
0.687751
0.180007
0.714170
0.100724
0.004504
0.838100
0.499299
0.154517
0.070058
0.300385
0.172782
0.494935
0.847516
0.393074
0.799856
0.055385
0.682291
0.965398
0.872035
0.497496
0.020431
0.401866
0.143891
0.286359
0.943491
0.762645
0.104718
0.407959
0.837724
0.789150
0.631696
0.903457
0.635550
0.684063
0.947331
0.911159
0.700995
0.232099
0.778702
0.121996
0.105733
0.782154
0.800730
0.236408
0.057031
0.102398
0.330340
0.884168
0.000540
0.174141
0.131962
0.174873
0.307063
0.317173
0.295018
0.019730
0.394909
0.567419
0.396810
0.644224
0.867317
0.236664
0.929816
0.290117
0.651640
0.632807
0.116387
0.900465
0.767982
0.993198
0.147902
0.034578
0.402671
0.335105
0.141808
0.679262
0.124250
0.452489
0.524262
0.620145
0.709568
0.844566
0.233570
0.337256
0.516707
0.490588
0.596460
0.736358
0.520091
0.856059
0.218057
0.317650
0.633771
0.895662
0.522847
0.078452
0.207525
0.935374
0.385064
0.151800
0.179120
0.401495
0.873402
0.221028
0.820227
0.585741
0.393319
0.774332
0.765247
0.314637
0.512910
0.550915
0.199590
0.175441
0.301508
0.014477
0.156210
0.614008
0.296530
0.539067
0.363977
0.959988
0.048384
0.145856
0.509265
0.326215
0.607289
0.947810
0.316379
0.985958
0.394909
