         (-, -)      (2, 4)      (2, 7)      (3, 4)      (3, 7)      (4, 1)      (4, 10)      (6, 4)      (6, 7)      (7, 5)      (7, 6)      (10, 3)      (10, 8)   
(-, -)   (-, -)      (2, 4)      (2, 7)      (3, 4)      (3, 7)      (4, 1)      (4, 10)      (6, 4)      (6, 7)      (7, 5)      (7, 6)      (10, 3)      (10, 8)   
(2, 4)   (2, 4)      (10, 3)      (-, -)      (6, 7)      (4, 1)      (10, 8)      (3, 4)      (3, 7)      (7, 6)      (6, 4)      (7, 5)      (4, 10)      (2, 7)   
(2, 7)   (2, 7)      (-, -)      (10, 8)      (4, 10)      (6, 4)      (3, 7)      (10, 3)      (7, 5)      (3, 4)      (7, 6)      (6, 7)      (2, 4)      (4, 1)   
(3, 4)   (3, 4)      (6, 7)      (4, 10)      (6, 4)      (-, -)      (2, 4)      (7, 5)      (2, 7)      (3, 7)      (10, 8)      (4, 1)      (7, 6)      (10, 3)   
(3, 7)   (3, 7)      (4, 1)      (6, 4)      (-, -)      (6, 7)      (7, 6)      (2, 7)      (3, 4)      (2, 4)      (4, 10)      (10, 3)      (10, 8)      (7, 5)   
(4, 1)   (4, 1)      (10, 8)      (3, 7)      (2, 4)      (7, 6)      (7, 5)      (-, -)      (6, 7)      (10, 3)      (3, 4)      (4, 10)      (2, 7)      (6, 4)   
(4, 10)   (4, 10)      (3, 4)      (10, 3)      (7, 5)      (2, 7)      (-, -)      (7, 6)      (10, 8)      (6, 4)      (4, 1)      (3, 7)      (6, 7)      (2, 4)   
(6, 4)   (6, 4)      (3, 7)      (7, 5)      (2, 7)      (3, 4)      (6, 7)      (10, 8)      (4, 10)      (-, -)      (10, 3)      (2, 4)      (4, 1)      (7, 6)   
(6, 7)   (6, 7)      (7, 6)      (3, 4)      (3, 7)      (2, 4)      (10, 3)      (6, 4)      (-, -)      (4, 1)      (2, 7)      (10, 8)      (7, 5)      (4, 10)   
(7, 5)   (7, 5)      (6, 4)      (7, 6)      (10, 8)      (4, 10)      (3, 4)      (4, 1)      (10, 3)      (2, 7)      (2, 4)      (-, -)      (3, 7)      (6, 7)   
(7, 6)   (7, 6)      (7, 5)      (6, 7)      (4, 1)      (10, 3)      (4, 10)      (3, 7)      (2, 4)      (10, 8)      (-, -)      (2, 7)      (6, 4)      (3, 4)   
(10, 3)   (10, 3)      (4, 10)      (2, 4)      (7, 6)      (10, 8)      (2, 7)      (6, 7)      (4, 1)      (7, 5)      (3, 7)      (6, 4)      (3, 4)      (-, -)   
(10, 8)   (10, 8)      (2, 7)      (4, 1)      (10, 3)      (7, 5)      (6, 4)      (2, 4)      (7, 6)      (4, 10)      (6, 7)      (3, 4)      (-, -)      (3, 7)   
